1 1 1 1 1 1 1 1 1 1 1 1 1 1 1 1 1 1 1 1 1 1 1 1 1 1 1 1 1 1 1 1 1 1 1 1 1 1 1 1 1 1 1 1 1 1 1 1 1 1 80 1 1 1 1 1 1 1 1 1 1 1 1 1 1 1 1 1 1 1 1 1 1 1 1 1 1 1 1 1 1 1 1 1 1 1 1 1 1 1 1 1 1 1 1 1 1 1 1 1
1 1 1 1 1 1 1 1 1 1 1 1 1 1 1 1 1 1 1 1 1 1 1 1 1 1 1 1 1 1 1 1 1 2 2 2 2 3 3 3 3 3 3 3 4 4 4 5 5 5 80 5 5 5 4 4 4 3 3 3 3 3 3 3 2 2 2 2 1 1 1 1 1 1 1 1 1 1 1 1 1 1 1 1 1 1 1 1 1 1 1 1 1 1 1 1 1 1 1 1
1 1 1 1 1 1 1 1 1 1 1 1 1 1 1 1 1 1 1 1 1 1 1 1 1 1 2 2 2 2 2 2 3 3 3 3 3 3 3 3 3 4 4 4 4 4 4 5 5 5 80 5 5 5 4 4 4 4 4 4 3 3 3 3 3 3 3 3 3 2 2 2 2 2 2 1 1 1 1 1 1 1 1 1 1 1 1 1 1 1 1 1 1 1 1 1 1 1 1 1
1 1 1 1 1 1 1 1 1 1 1 1 1 1 1 1 1 1 1 1 1 2 2 2 2 2 2 2 3 3 3 3 3 3 3 3 3 3 3 4 4 4 4 4 4 4 5 5 5 7 80 7 5 5 5 4 4 4 4 4 4 4 3 3 3 3 3 3 3 3 3 3 3 2 2 2 2 2 2 2 1 1 1 1 1 1 1 1 1 1 1 1 1 1 1 1 1 1 1 1
1 1 1 1 1 1 1 1 1 1 1 1 1 1 1 1 2 2 2 2 2 2 2 2 3 3 3 3 3 3 3 3 3 3 3 3 3 3 4 4 4 4 4 4 4 4 5 5 6 6 80 6 6 5 5 4 4 4 4 4 4 4 4 3 3 3 3 3 3 3 3 3 3 3 3 3 3 2 2 2 2 2 2 2 2 1 1 1 1 1 1 1 1 1 1 1 1 1 1 1
1 1 1 1 1 1 1 1 1 1 1 1 1 2 2 2 2 2 2 2 2 3 3 3 3 3 3 3 3 3 3 3 3 3 3 3 4 4 4 4 4 4 4 4 4 4 5 6 6 6 80 6 6 6 5 4 4 4 4 4 4 4 4 4 4 3 3 3 3 3 3 3 3 3 3 3 3 3 3 3 2 2 2 2 2 2 2 2 1 1 1 1 1 1 1 1 1 1 1 1
1 1 1 1 1 1 1 1 1 2 2 2 2 2 2 2 2 2 2 3 3 3 3 3 3 3 3 3 3 3 3 3 3 3 3 4 4 4 4 4 4 4 4 4 4 4 4 6 7 8 80 8 7 6 4 4 4 4 4 4 4 4 4 4 4 4 3 3 3 3 3 3 3 3 3 3 3 3 3 3 3 3 2 2 2 2 2 2 2 2 2 2 1 1 1 1 1 1 1 1
1 1 1 1 1 1 2 2 2 2 2 2 2 2 2 2 3 3 3 3 3 3 3 3 3 3 3 3 3 3 3 3 3 3 4 4 4 4 4 4 4 4 4 4 4 4 4 7 7 10 80 10 7 7 4 4 4 4 4 4 4 4 4 4 4 4 4 3 3 3 3 3 3 3 3 3 3 3 3 3 3 3 3 3 3 2 2 2 2 2 2 2 2 2 2 1 1 1 1 1
1 1 1 2 2 2 2 2 2 2 2 2 2 2 3 3 3 3 3 3 3 3 3 3 3 3 3 3 3 3 3 3 3 3 4 4 4 4 4 4 4 4 4 4 4 4 5 8 9 27 80 27 9 8 5 4 4 4 4 4 4 4 4 4 4 4 4 3 3 3 3 3 3 3 3 3 3 3 3 3 3 3 3 3 3 3 3 2 2 2 2 2 2 2 2 2 2 2 1 1
2 2 2 2 2 2 2 2 2 2 2 2 3 3 3 3 3 3 3 3 3 3 3 3 3 3 3 3 3 3 3 3 3 4 4 4 4 4 4 4 4 4 4 4 4 5 6 7 7 10 80 10 7 7 6 5 4 4 4 4 4 4 4 4 4 4 4 4 3 3 3 3 3 3 3 3 3 3 3 3 3 3 3 3 3 3 3 3 3 2 2 2 2 2 2 2 2 2 2 2
2 2 2 2 2 2 2 2 2 2 3 3 3 3 3 3 3 3 3 3 3 3 3 3 3 3 3 3 3 3 3 3 4 4 4 4 4 4 4 4 4 4 4 4 5 6 6 7 7 9 80 9 7 7 6 6 5 4 4 4 4 4 4 4 4 4 4 4 4 3 3 3 3 3 3 3 3 3 3 3 3 3 3 3 3 3 3 3 3 3 3 2 2 2 2 2 2 2 2 2
2 2 2 2 2 2 2 2 2 3 3 3 3 3 3 3 3 3 3 3 3 3 3 3 3 3 3 3 3 3 3 3 4 4 4 4 4 4 4 4 4 4 5 5 5 6 6 6 8 8 80 8 8 6 6 6 5 5 5 4 4 4 4 4 4 4 4 4 4 3 3 3 3 3 3 3 3 3 3 3 3 3 3 3 3 3 3 3 3 3 3 3 2 2 2 2 2 2 2 2
2 2 2 2 2 2 2 3 3 3 3 3 3 3 3 3 3 3 3 3 3 3 3 3 3 3 3 3 3 3 3 4 4 4 4 4 4 4 4 4 4 5 5 5 6 6 6 6 8 10 80 10 8 6 6 6 6 5 5 5 4 4 4 4 4 4 4 4 4 4 3 3 3 3 3 3 3 3 3 3 3 3 3 3 3 3 3 3 3 3 3 3 3 3 2 2 2 2 2 2
2 2 2 2 2 2 3 3 3 3 3 3 3 3 3 3 3 3 3 3 3 3 3 3 3 3 3 3 3 3 3 4 4 4 4 4 4 4 4 5 5 5 5 5 6 6 6 6 8 10 80 10 8 6 6 6 6 5 5 5 5 5 4 4 4 4 4 4 4 4 3 3 3 3 3 3 3 3 3 3 3 3 3 3 3 3 3 3 3 3 3 3 3 3 3 2 2 2 2 2
2 2 2 2 3 3 3 3 3 3 3 3 3 3 3 3 3 3 3 3 3 3 3 3 3 3 3 3 3 3 4 4 4 4 4 4 4 4 5 5 5 5 5 5 6 6 6 7 8 9 80 9 8 7 6 6 6 5 5 5 5 5 5 4 4 4 4 4 4 4 4 3 3 3 3 3 3 3 3 3 3 3 3 3 3 3 3 3 3 3 3 3 3 3 3 3 3 2 2 2
2 2 2 3 3 3 3 3 3 3 3 3 3 3 3 3 3 3 3 3 3 3 3 3 3 3 3 3 3 3 4 4 4 4 4 4 5 5 5 5 5 5 5 6 6 6 7 7 8 9 80 9 8 7 7 6 6 6 5 5 5 5 5 5 5 4 4 4 4 4 4 3 3 3 3 3 3 3 3 3 3 3 3 3 3 3 3 3 3 3 3 3 3 3 3 3 3 3 2 2
2 2 3 3 3 3 3 3 3 3 3 3 3 3 3 3 3 3 3 3 3 3 3 3 3 3 3 3 3 4 4 4 4 4 4 5 5 5 5 5 5 5 5 6 6 7 7 7 9 10 80 10 9 7 7 7 6 6 5 5 5 5 5 5 5 5 4 4 4 4 4 4 3 3 3 3 3 3 3 3 3 3 3 3 3 3 3 3 3 3 3 3 3 3 3 3 3 3 3 2
3 3 3 3 3 3 3 3 3 3 3 3 3 3 3 3 3 3 3 3 3 3 3 3 3 3 3 3 3 4 4 4 4 4 5 5 5 5 5 5 5 5 5 6 7 7 7 8 13 13 80 13 13 8 7 7 7 6 5 5 5 5 5 5 5 5 5 4 4 4 4 4 3 3 3 3 3 3 3 3 3 3 3 3 3 3 3 3 3 3 3 3 3 3 3 3 3 3 3 3
3 3 3 3 3 3 3 3 3 3 3 3 3 3 3 3 3 3 3 3 3 3 3 3 3 3 3 3 4 4 4 4 5 5 5 5 5 5 5 5 5 5 6 7 7 8 8 9 11 13 80 13 11 9 8 8 7 7 6 5 5 5 5 5 5 5 5 5 5 4 4 4 4 3 3 3 3 3 3 3 3 3 3 3 3 3 3 3 3 3 3 3 3 3 3 3 3 3 3 3
3 3 3 3 3 3 3 3 3 3 3 3 3 3 3 3 3 3 3 3 3 3 3 3 3 3 3 3 4 4 4 5 5 5 5 5 5 5 5 5 5 6 9 9 8 9 9 10 12 13 80 13 12 10 9 9 8 9 9 6 5 5 5 5 5 5 5 5 5 5 4 4 4 3 3 3 3 3 3 3 3 3 3 3 3 3 3 3 3 3 3 3 3 3 3 3 3 3 3 3
3 3 3 3 3 3 3 3 3 3 3 3 3 3 3 3 3 3 3 3 3 3 3 3 3 3 3 4 4 4 5 5 5 5 5 5 5 5 5 6 6 7 8 12 41 12 11 13 15 26 80 26 15 13 11 12 41 12 8 7 6 6 5 5 5 5 5 5 5 5 5 4 4 4 3 3 3 3 3 3 3 3 3 3 3 3 3 3 3 3 3 3 3 3 3 3 3 3 3 3
3 3 3 3 3 3 3 3 3 3 3 3 3 3 3 3 3 3 3 3 3 3 3 3 3 3 4 4 4 5 5 5 5 5 6 6 6 6 6 7 7 8 8 9 11 15 25 20 32 80 80 80 32 20 25 15 11 9 8 8 7 7 6 6 6 6 6 5 5 5 5 5 4 4 4 3 3 3 3 3 3 3 3 3 3 3 3 3 3 3 3 3 3 3 3 3 3 3 3 3
3 3 3 3 3 3 3 3 3 3 3 3 3 3 3 3 3 3 3 3 3 3 3 3 3 3 4 4 5 5 6 6 6 6 6 6 6 7 7 7 7 8 9 9 11 13 18 80 80 80 80 80 80 80 18 13 11 9 9 8 7 7 7 7 6 6 6 6 6 6 6 5 5 4 4 3 3 3 3 3 3 3 3 3 3 3 3 3 3 3 3 3 3 3 3 3 3 3 3 3
3 3 3 3 3 3 3 3 3 3 3 3 3 3 3 3 3 3 3 3 3 3 3 3 3 4 4 4 6 6 6 6 6 6 7 7 7 7 7 7 8 9 9 10 12 15 25 80 80 80 80 80 80 80 25 15 12 10 9 9 8 7 7 7 7 7 7 6 6 6 6 6 6 4 4 4 3 3 3 3 3 3 3 3 3 3 3 3 3 3 3 3 3 3 3 3 3 3 3 3
3 3 3 3 3 3 3 3 3 3 3 3 3 3 3 3 3 3 3 3 3 3 3 3 4 4 4 5 7 12 9 8 10 10 8 8 8 8 8 9 12 30 11 11 13 15 18 80 80 80 80 80 80 80 18 15 13 11 11 30 12 9 8 8 8 8 8 10 10 8 9 12 7 5 4 4 4 3 3 3 3 3 3 3 3 3 3 3 3 3 3 3 3 3 3 3 3 3 3 3
3 3 3 3 3 3 3 3 3 3 3 3 3 3 3 3 3 3 3 3 3 3 3 4 4 4 5 6 6 9 12 21 12 20 14 10 9 9 9 10 11 16 17 15 34 22 27 80 69 80 80 80 69 80 27 22 34 15 17 16 11 10 9 9 9 10 14 20 12 21 12 9 6 6 5 4 4 4 3 3 3 3 3 3 3 3 3 3 3 3 3 3 3 3 3 3 3 3 3 3
3 3 3 3 3 3 3 3 3 3 3 3 3 3 3 3 3 3 3 3 3 3 4 4 4 5 5 6 6 6 8 8 9 11 20 12 11 11 14 12 14 25 80 43 80 80 80 80 80 80 80 80 80 80 80 80 80 43 80 25 14 12 14 11 11 12 20 11 9 8 8 6 6 6 5 5 4 4 4 3 3 3 3 3 3 3 3 3 3 3 3 3 3 3 3 3 3 3 3 3
3 3 3 3 3 3 3 3 3 3 3 3 3 3 3 3 3 3 3 3 3 4 4 4 4 5 5 6 6 6 7 8 8 9 15 30 16 19 59 17 19 36 80 80 80 80 80 80 80 80 80 80 80 80 80 80 80 80 80 36 19 17 59 19 16 30 15 9 8 8 7 6 6 6 5 5 4 4 4 4 3 3 3 3 3 3 3 3 3 3 3 3 3 3 3 3 3 3 3 3
3 3 3 3 3 3 3 3 3 3 3 3 3 3 3 3 3 3 3 3 4 4 4 4 5 5 5 5 6 6 7 7 8 10 14 50 41 54 80 80 80 80 80 80 80 80 80 80 80 80 80 80 80 80 80 80 80 80 80 80 80 80 80 54 41 50 14 10 8 7 7 6 6 5 5 5 5 4 4 4 4 3 3 3 3 3 3 3 3 3 3 3 3 3 3 3 3 3 3 3
3 3 3 3 3 3 3 3 3 3 3 3 3 3 3 3 3 3 3 4 4 4 4 5 5 5 5 5 6 6 7 7 7 9 11 15 24 80 80 80 80 80 80 80 80 80 80 80 80 80 80 80 80 80 80 80 80 80 80 80 80 80 80 80 24 15 11 9 7 7 7 6 6 5 5 5 5 5 4 4 4 4 3 3 3 3 3 3 3 3 3 3 3 3 3 3 3 3 3 3
3 3 3 3 3 3 3 3 3 3 3 3 3 3 3 3 3 3 4 4 4 4 4 5 5 5 5 5 6 6 7 7 8 9 10 12 15 21 31 80 80 80 80 80 80 80 80 80 80 80 80 80 80 80 80 80 80 80 80 80 80 80 31 21 15 12 10 9 8 7 7 6 6 5 5 5 5 5 4 4 4 4 4 3 3 3 3 3 3 3 3 3 3 3 3 3 3 3 3 3
3 3 3 3 3 3 3 3 3 3 3 3 3 3 3 3 4 4 4 4 4 4 5 5 5 5 5 5 5 6 7 8 8 10 11 12 18 80 80 80 80 80 80 80 80 80 80 80 80 80 80 80 80 80 80 80 80 80 80 80 80 80 80 80 18 12 11 10 8 8 7 6 5 5 5 5 5 5 5 4 4 4 4 4 4 3 3 3 3 3 3 3 3 3 3 3 3 3 3 3
3 3 3 3 3 3 3 3 3 3 3 3 3 3 3 4 4 4 4 4 4 5 5 5 5 5 5 5 5 6 7 10 18 21 14 14 20 47 80 80 80 80 80 80 80 80 80 80 80 80 80 80 80 80 80 80 80 80 80 80 80 80 80 47 20 14 14 21 18 10 7 6 5 5 5 5 5 5 5 5 4 4 4 4 4 4 3 3 3 3 3 3 3 3 3 3 3 3 3 3
3 3 3 3 3 3 3 3 3 3 3 3 3 3 4 4 4 4 4 4 4 5 5 5 5 5 5 5 5 6 7 9 10 12 32 23 68 80 80 80 80 80 80 80 80 80 80 80 80 80 80 80 80 80 80 80 80 80 80 80 80 80 80 80 68 23 32 12 10 9 7 6 5 5 5 5 5 5 5 5 4 4 4 4 4 4 4 3 3 3 3 3 3 3 3 3 3 3 3 3
3 3 3 3 3 3 3 3 3 3 3 3 4 4 4 4 4 4 4 4 5 5 5 5 5 5 5 5 6 6 7 8 8 9 12 45 57 39 80 80 80 80 80 80 80 80 80 80 80 80 80 80 80 80 80 80 80 80 80 80 80 80 80 39 57 45 12 9 8 8 7 6 6 5 5 5 5 5 5 5 5 4 4 4 4 4 4 4 4 3 3 3 3 3 3 3 3 3 3 3
3 3 3 3 3 3 3 3 3 3 3 4 4 4 4 4 4 4 4 4 5 5 5 5 5 5 5 5 6 6 7 7 8 9 10 13 16 80 80 80 80 80 80 80 80 80 80 80 80 80 80 80 80 80 80 80 80 80 80 80 80 80 80 80 16 13 10 9 8 7 7 6 6 5 5 5 5 5 5 5 5 4 4 4 4 4 4 4 4 4 3 3 3 3 3 3 3 3 3 3
3 3 3 3 3 3 3 3 3 3 4 4 4 4 4 4 4 4 4 5 5 5 5 5 5 5 5 6 6 6 7 7 7 8 25 16 42 80 80 80 80 80 80 80 80 80 80 80 80 80 80 80 80 80 80 80 80 80 80 80 80 80 80 80 42 16 25 8 7 7 7 6 6 6 5 5 5 5 5 5 5 5 4 4 4 4 4 4 4 4 4 3 3 3 3 3 3 3 3 3
3 3 3 3 3 3 3 3 3 4 4 4 4 4 4 4 4 4 5 5 5 5 5 5 5 5 6 6 6 7 7 7 7 8 9 10 12 17 25 80 80 80 80 80 80 80 80 80 80 80 80 80 80 80 80 80 80 80 80 80 80 80 25 17 12 10 9 8 7 7 7 7 6 6 6 5 5 5 5 5 5 5 5 4 4 4 4 4 4 4 4 4 3 3 3 3 3 3 3 3
3 3 3 3 3 3 3 4 4 4 4 4 4 4 4 4 4 4 5 5 5 5 5 5 5 6 6 6 6 7 7 7 7 8 9 9 11 15 40 47 80 80 80 80 80 80 80 80 80 80 80 80 80 80 80 80 80 80 80 80 80 47 40 15 11 9 9 8 7 7 7 7 6 6 6 6 5 5 5 5 5 5 5 4 4 4 4 4 4 4 4 4 4 4 3 3 3 3 3 3
3 3 3 3 3 3 4 4 4 4 4 4 4 4 4 4 4 5 5 5 5 5 5 5 6 6 6 6 7 7 7 7 8 8 9 9 10 11 14 19 41 80 80 80 80 80 80 80 80 80 80 80 80 80 80 80 80 80 80 80 41 19 14 11 10 9 9 8 8 7 7 7 7 6 6 6 6 5 5 5 5 5 5 5 4 4 4 4 4 4 4 4 4 4 4 3 3 3 3 3
3 3 3 3 3 4 4 4 4 4 4 4 4 4 4 4 4 5 5 5 5 5 6 6 6 6 6 6 7 7 7 8 8 8 9 9 10 11 12 13 15 32 39 80 80 80 80 80 80 80 80 80 80 80 80 80 80 80 39 32 15 13 12 11 10 9 9 8 8 8 7 7 7 6 6 6 6 6 6 5 5 5 5 5 4 4 4 4 4 4 4 4 4 4 4 4 3 3 3 3
3 3 3 3 4 4 4 4 4 4 4 4 4 4 4 4 5 5 5 5 5 6 6 6 6 6 6 7 7 8 8 8 8 9 10 10 11 12 12 13 15 16 18 21 27 80 80 80 80 80 80 80 80 80 80 80 27 21 18 16 15 13 12 12 11 10 10 9 8 8 8 8 7 7 6 6 6 6 6 6 5 5 5 5 5 4 4 4 4 4 4 4 4 4 4 4 4 3 3 3
3 3 3 4 4 4 4 4 4 4 4 4 4 4 4 5 5 5 5 6 6 6 6 6 6 6 7 8 8 8 8 9 10 11 11 12 14 14 28 17 21 80 34 54 80 80 80 80 80 80 80 80 80 80 80 80 80 54 34 80 21 17 28 14 14 12 11 11 10 9 8 8 8 8 7 6 6 6 6 6 6 6 5 5 5 5 4 4 4 4 4 4 4 4 4 4 4 4 3 3
3 4 4 4 4 4 4 4 4 4 4 4 4 4 5 5 5 5 6 6 6 6 6 6 7 7 10 10 10 10 10 12 43 26 15 26 80 27 80 80 80 80 80 80 80 80 80 80 80 80 80 80 80 80 80 80 80 80 80 80 80 80 80 27 80 26 15 26 43 12 10 10 10 10 10 7 7 6 6 6 6 6 6 5 5 5 5 4 4 4 4 4 4 4 4 4 4 4 4 4
4 4 4 4 4 4 4 4 4 4 4 4 4 4 5 5 6 6 6 6 6 7 7 7 8 9 12 39 53 14 13 16 80 80 33 80 80 80 80 80 80 80 80 80 80 80 80 80 80 80 80 80 80 80 80 80 80 80 80 80 80 80 80 80 80 80 33 80 80 16 13 14 53 39 12 9 8 7 7 7 6 6 6 6 6 5 5 4 4 4 4 4 4 4 4 4 4 4 4 4
4 4 4 4 4 4 4 4 4 4 4 4 4 5 5 6 7 7 7 7 7 7 8 8 9 14 45 25 80 36 20 80 65 80 80 80 80 80 80 80 80 80 80 80 80 80 80 80 80 80 80 80 80 80 80 80 80 80 80 80 80 80 80 80 80 80 80 80 65 80 20 36 80 25 45 14 9 8 8 7 7 7 7 7 7 6 5 5 4 4 4 4 4 4 4 4 4 4 4 4
4 4 4 4 4 4 4 4 4 4 4 4 5 5 6 7 37 10 9 11 10 9 9 9 10 11 14 57 80 80 56 80 80 80 80 80 80 80 80 80 80 80 80 80 80 80 80 80 80 80 80 80 80 80 80 80 80 80 80 80 80 80 80 80 80 80 80 80 80 80 56 80 80 57 14 11 10 9 9 9 10 11 9 10 37 7 6 5 5 4 4 4 4 4 4 4 4 4 4 4
4 4 4 4 4 4 4 4 4 4 4 5 5 6 7 7 10 29 14 39 13 11 12 12 11 14 19 22 80 80 80 80 80 80 80 80 80 80 80 80 80 80 80 80 80 80 80 80 80 80 80 80 80 80 80 80 80 80 80 80 80 80 80 80 80 80 80 80 80 80 80 80 80 22 19 14 11 12 12 11 13 39 14 29 10 7 7 6 5 5 4 4 4 4 4 4 4 4 4 4
4 4 4 4 4 4 4 4 4 4 5 5 6 6 7 8 19 21 45 27 66 20 80 19 15 18 80 80 80 80 80 80 80 80 80 80 80 80 80 80 80 80 80 80 80 80 80 80 80 80 80 80 80 80 80 80 80 80 80 80 80 80 80 80 80 80 80 80 80 80 80 80 80 80 80 18 15 19 80 20 66 27 45 21 19 8 7 6 6 5 5 4 4 4 4 4 4 4 4 4
4 4 4 4 4 4 4 4 5 5 5 5 6 6 7 19 16 19 17 64 80 80 80 80 25 80 80 80 80 80 80 80 80 80 80 80 80 80 80 80 80 80 80 80 80 80 80 80 80 80 80 80 80 80 80 80 80 80 80 80 80 80 80 80 80 80 80 80 80 80 80 80 80 80 80 80 25 80 80 80 80 64 17 19 16 19 7 6 6 5 5 5 5 4 4 4 4 4 4 4
4 4 4 4 4 4 4 5 5 5 5 6 6 6 7 8 10 11 16 21 80 80 80 80 64 80 80 80 80 80 80 80 80 80 80 80 80 80 80 80 80 80 80 80 80 80 80 80 80 80 80 80 80 80 80 80 80 80 80 80 80 80 80 80 80 80 80 80 80 80 80 80 80 80 80 80 64 80 80 80 80 21 16 11 10 8 7 6 6 6 5 5 5 5 4 4 4 4 4 4
4 4 4 4 4 4 5 5 5 5 6 6 6 6 7 8 9 9 12 28 65 80 80 80 80 80 80 80 80 80 80 80 80 80 80 80 80 80 80 80 80 80 80 80 80 80 80 80 80 80 80 80 80 80 80 80 80 80 80 80 80 80 80 80 80 80 80 80 80 80 80 80 80 80 80 80 80 80 80 80 65 28 12 9 9 8 7 6 6 6 6 5 5 5 5 4 4 4 4 4
4 4 4 4 5 5 5 5 5 6 6 6 6 7 7 8 9 9 11 12 15 24 80 80 80 80 80 80 80 80 80 80 80 80 80 80 80 80 80 80 80 80 80 80 80 80 80 80 80 80 80 80 80 80 80 80 80 80 80 80 80 80 80 80 80 80 80 80 80 80 80 80 80 80 80 80 80 80 80 24 15 12 11 9 9 8 7 7 6 6 6 6 5 5 5 5 5 4 4 4
4 4 5 5 5 5 5 5 5 6 6 6 7 7 7 8 9 11 13 14 80 80 80 80 80 80 80 80 80 80 80 80 80 80 80 80 80 80 80 80 80 80 80 80 80 80 80 80 80 80 80 80 80 80 80 80 80 80 80 80 80 80 80 80 80 80 80 80 80 80 80 80 80 80 80 80 80 80 80 80 80 14 13 11 9 8 7 7 7 6 6 6 5 5 5 5 5 5 5 4
5 5 5 5 5 5 5 5 6 6 6 7 7 7 7 9 12 42 27 80 80 80 80 80 80 80 80 80 80 80 80 80 80 80 80 80 80 80 80 80 80 80 80 80 80 80 80 80 80 80 80 80 80 80 80 80 80 80 80 80 80 80 80 80 80 80 80 80 80 80 80 80 80 80 80 80 80 80 80 80 80 80 27 42 12 9 7 7 7 7 6 6 6 5 5 5 5 5 5 5
5 5 5 5 5 5 5 6 6 7 7 7 7 8 8 9 13 38 38 80 80 80 80 80 80 80 80 80 80 80 80 80 80 80 80 80 80 80 80 80 80 80 80 80 80 80 80 80 80 80 80 80 80 80 80 80 80 80 80 80 80 80 80 80 80 80 80 80 80 80 80 80 80 80 80 80 80 80 80 80 80 80 38 38 13 9 8 8 7 7 7 7 6 6 5 5 5 5 5 5
5 5 5 5 5 6 6 6 7 8 8 8 8 8 9 10 11 14 19 80 80 80 80 80 80 80 80 80 80 80 80 80 80 80 80 80 80 80 80 80 80 80 80 80 80 80 80 80 80 80 80 80 80 80 80 80 80 80 80 80 80 80 80 80 80 80 80 80 80 80 80 80 80 80 80 80 80 80 80 80 80 80 19 14 11 10 9 8 8 8 8 8 7 6 6 6 5 5 5 5
5 5 5 6 6 6 7 10 14 9 9 9 9 10 10 10 12 80 80 80 80 80 80 80 80 80 80 80 80 80 80 80 80 80 80 80 80 80 80 80 80 80 80 80 80 80 80 80 80 80 80 80 80 80 80 80 80 80 80 80 80 80 80 80 80 80 80 80 80 80 80 80 80 80 80 80 80 80 80 80 80 80 80 80 12 10 10 10 9 9 9 9 14 10 7 6 6 6 5 5
6 6 6 6 7 7 9 12 15 12 12 18 21 13 12 12 13 47 80 80 80 80 80 80 80 80 80 80 80 80 80 80 80 80 80 80 80 80 80 80 80 80 80 80 80 80 80 80 80 80 80 80 80 80 80 80 80 80 80 80 80 80 80 80 80 80 80 80 80 80 80 80 80 80 80 80 80 80 80 80 80 80 80 47 13 12 12 13 21 18 12 12 15 12 9 7 7 6 6 6
6 7 7 7 7 9 11 19 19 54 35 80 53 29 80 24 16 24 80 80 80 80 80 80 80 80 80 80 80 80 80 80 80 80 80 80 80 80 80 80 80 80 80 80 80 80 80 80 80 80 80 80 80 80 80 80 80 80 80 80 80 80 80 80 80 80 80 80 80 80 80 80 80 80 80 80 80 80 80 80 80 80 80 24 16 24 80 29 53 80 35 54 19 19 11 9 7 7 7 7
7 8 8 8 8 9 11 13 16 80 80 80 80 80 80 80 45 24 80 80 80 80 80 80 80 80 80 80 80 80 80 80 80 80 80 80 80 80 80 80 80 80 80 80 80 80 80 80 80 80 80 80 80 80 80 80 80 80 80 80 80 80 80 80 80 80 80 80 80 80 80 80 80 80 80 80 80 80 80 80 80 80 80 24 45 80 80 80 80 80 80 80 16 13 11 9 8 8 8 8
9 9 9 9 10 17 14 16 28 80 80 80 80 80 80 80 80 80 80 80 80 80 80 80 80 80 80 80 80 80 80 80 80 80 80 80 80 80 80 80 80 80 80 80 80 80 80 80 80 80 80 80 80 80 80 80 80 80 80 80 80 80 80 80 80 80 80 80 80 80 80 80 80 80 80 80 80 80 80 80 80 80 80 80 80 80 80 80 80 80 80 80 28 16 14 17 10 9 9 9
15 15 11 11 13 17 44 44 60 80 80 80 80 80 80 80 80 80 80 80 80 80 80 80 80 80 80 80 80 80 80 80 80 80 80 80 80 80 80 80 80 80 80 80 80 80 80 80 80 80 80 80 80 80 80 80 80 80 80 80 80 80 80 80 80 80 80 80 80 80 80 80 80 80 80 80 80 80 80 80 80 80 80 80 80 80 80 80 80 80 80 80 60 44 44 17 13 11 11 15
10 13 19 17 27 44 80 80 80 80 80 80 80 80 80 80 80 80 80 80 80 80 80 80 80 80 80 80 80 80 80 80 80 80 80 80 80 80 80 80 80 80 80 80 80 80 80 80 80 80 80 80 80 80 80 80 80 80 80 80 80 80 80 80 80 80 80 80 80 80 80 80 80 80 80 80 80 80 80 80 80 80 80 80 80 80 80 80 80 80 80 80 80 80 80 44 27 17 19 13
9 13 15 12 13 15 56 50 25 80 80 80 80 80 80 80 80 80 80 80 80 80 80 80 80 80 80 80 80 80 80 80 80 80 80 80 80 80 80 80 80 80 80 80 80 80 80 80 80 80 80 80 80 80 80 80 80 80 80 80 80 80 80 80 80 80 80 80 80 80 80 80 80 80 80 80 80 80 80 80 80 80 80 80 80 80 80 80 80 80 80 80 25 50 56 15 13 12 15 13
11 14 10 9 10 11 18 13 22 28 80 80 80 80 80 80 80 23 80 80 80 80 80 80 80 80 80 80 80 80 80 80 80 80 80 80 80 80 80 80 80 80 80 80 80 80 80 80 80 80 80 80 80 80 80 80 80 80 80 80 80 80 80 80 80 80 80 80 80 80 80 80 80 80 80 80 80 80 80 80 80 80 80 23 80 80 80 80 80 80 80 28 22 13 18 11 10 9 10 14
19 11 8 8 8 8 9 11 13 17 80 39 25 80 26 18 16 19 80 80 80 80 80 80 80 80 80 80 80 80 80 80 80 80 80 80 80 80 80 80 80 80 80 80 80 80 80 80 80 80 80 80 80 80 80 80 80 80 80 80 80 80 80 80 80 80 80 80 80 80 80 80 80 80 80 80 80 80 80 80 80 80 80 19 16 18 26 80 25 39 80 17 13 11 9 8 8 8 8 11
6 6 6 7 7 7 8 11 16 19 14 12 31 25 12 11 13 80 80 80 80 80 80 80 80 80 80 80 80 80 80 80 80 80 80 80 80 80 80 80 80 80 80 80 80 80 80 80 80 80 80 80 80 80 80 80 80 80 80 80 80 80 80 80 80 80 80 80 80 80 80 80 80 80 80 80 80 80 80 80 80 80 80 80 13 11 12 25 31 12 14 19 16 11 8 7 7 7 6 6
5 6 6 6 6 6 7 8 8 11 9 9 8 9 9 10 12 17 76 80 80 80 80 80 80 80 80 80 80 80 80 80 80 80 80 80 80 80 80 80 80 80 80 80 80 80 80 80 80 80 80 80 80 80 80 80 80 80 80 80 80 80 80 80 80 80 80 80 80 80 80 80 80 80 80 80 80 80 80 80 80 80 76 17 12 10 9 9 8 9 9 11 8 8 7 6 6 6 6 6
4 5 5 5 5 5 6 6 6 7 7 7 7 8 8 9 10 14 22 80 80 80 80 80 80 80 80 80 80 80 80 80 80 80 80 80 80 80 80 80 80 80 80 80 80 80 80 80 80 80 80 80 80 80 80 80 80 80 80 80 80 80 80 80 80 80 80 80 80 80 80 80 80 80 80 80 80 80 80 80 80 80 22 14 10 9 8 8 7 7 7 7 6 6 6 5 5 5 5 5
4 4 4 5 5 5 5 5 5 6 6 7 7 7 8 9 10 12 48 46 80 80 80 80 80 80 80 80 80 80 80 80 80 80 80 80 80 80 80 80 80 80 80 80 80 80 80 80 80 80 80 80 80 80 80 80 80 80 80 80 80 80 80 80 80 80 80 80 80 80 80 80 80 80 80 80 80 80 80 80 80 46 48 12 10 9 8 7 7 7 6 6 5 5 5 5 5 5 4 4
4 4 4 4 5 5 5 5 5 5 6 6 6 7 7 8 22 25 38 80 80 80 80 80 80 80 80 80 80 80 80 80 80 80 80 80 80 80 80 80 80 80 80 80 80 80 80 80 80 80 80 80 80 80 80 80 80 80 80 80 80 80 80 80 80 80 80 80 80 80 80 80 80 80 80 80 80 80 80 80 80 80 38 25 22 8 7 7 6 6 6 5 5 5 5 5 5 4 4 4
4 4 4 4 4 5 5 5 5 5 5 5 6 6 6 7 9 19 38 15 16 28 80 80 80 80 80 80 80 80 80 80 80 80 80 80 80 80 80 80 80 80 80 80 80 80 80 80 80 80 80 80 80 80 80 80 80 80 80 80 80 80 80 80 80 80 80 80 80 80 80 80 80 80 80 80 80 80 80 28 16 15 38 19 9 7 6 6 6 5 5 5 5 5 5 5 4 4 4 4
4 4 4 4 4 4 4 5 5 5 5 5 6 6 6 6 7 8 9 10 13 31 31 80 80 80 80 80 80 80 80 80 80 80 80 80 80 80 80 80 80 80 80 80 80 80 80 80 80 80 80 80 80 80 80 80 80 80 80 80 80 80 80 80 80 80 80 80 80 80 80 80 80 80 80 80 80 80 31 31 13 10 9 8 7 6 6 6 6 5 5 5 5 5 4 4 4 4 4 4
4 4 4 4 4 4 4 4 5 5 5 5 5 6 6 6 7 8 8 10 11 13 17 26 80 80 80 80 80 80 80 80 80 80 80 80 80 80 80 80 80 80 80 80 80 80 80 80 80 80 80 80 80 80 80 80 80 80 80 80 80 80 80 80 80 80 80 80 80 80 80 80 80 80 80 80 80 26 17 13 11 10 8 8 7 6 6 6 5 5 5 5 5 4 4 4 4 4 4 4
4 4 4 4 4 4 4 4 4 5 5 5 5 6 6 6 7 7 8 39 14 39 80 80 80 80 80 80 80 80 80 80 80 80 80 80 80 80 80 80 80 80 80 80 80 80 80 80 80 80 80 80 80 80 80 80 80 80 80 80 80 80 80 80 80 80 80 80 80 80 80 80 80 80 80 80 80 80 80 39 14 39 8 7 7 6 6 6 5 5 5 5 4 4 4 4 4 4 4 4
3 4 4 4 4 4 4 4 4 4 5 5 5 5 6 6 7 7 8 24 26 80 80 80 80 80 30 80 80 80 80 80 80 80 80 80 80 80 80 80 80 80 80 80 80 80 80 80 80 80 16 80 80 80 80 80 80 80 80 80 80 80 80 80 80 80 80 80 80 80 80 80 80 80 30 80 80 80 80 80 26 24 8 7 7 6 6 5 5 5 5 4 4 4 4 4 4 4 4 4
3 3 4 4 4 4 4 4 4 4 4 5 5 5 6 6 7 8 9 10 15 25 80 80 80 80 19 17 80 80 80 80 80 80 80 80 80 80 80 80 80 80 80 80 80 80 80 80 80 13 11 13 80 80 80 80 80 80 80 80 80 80 80 80 80 80 80 80 80 80 80 80 80 17 19 80 80 80 80 25 15 10 9 8 7 6 6 5 5 5 4 4 4 4 4 4 4 4 4 3
3 3 3 3 4 4 4 4 4 4 4 4 5 5 6 8 8 9 15 12 14 27 43 23 22 16 11 11 15 75 80 80 80 80 80 80 80 80 80 80 80 80 80 80 80 80 80 18 11 9 9 9 11 18 80 80 80 80 80 80 80 80 80 80 80 80 80 80 80 80 80 75 15 11 11 16 22 23 43 27 14 12 15 9 8 8 6 5 5 4 4 4 4 4 4 4 4 3 3 3
3 3 3 3 3 4 4 4 4 4 4 4 4 5 5 7 12 12 12 13 18 18 13 11 23 9 9 9 9 10 12 14 79 80 80 80 80 80 80 80 80 80 80 80 56 80 11 9 8 8 7 8 8 9 11 80 56 80 80 80 80 80 80 80 80 80 80 80 79 14 12 10 9 9 9 9 23 11 13 18 18 13 12 12 12 7 5 5 4 4 4 4 4 4 4 4 3 3 3 3
3 3 3 3 3 3 3 4 4 4 4 4 4 4 5 5 6 7 7 9 15 10 24 8 7 7 7 7 8 8 9 22 32 80 46 15 13 13 25 80 31 12 13 51 10 8 7 7 7 7 7 7 7 7 7 8 10 51 13 12 31 80 25 13 13 15 46 80 32 22 9 8 8 7 7 7 7 8 24 10 15 9 7 7 6 5 5 4 4 4 4 4 4 4 3 3 3 3 3 3
3 3 3 3 3 3 3 3 3 4 4 4 4 4 4 4 5 5 6 6 7 6 6 6 6 6 6 6 7 8 9 12 17 32 13 9 9 9 12 28 16 8 8 7 7 6 6 6 6 6 6 6 6 6 6 6 7 7 8 8 16 28 12 9 9 9 13 32 17 12 9 8 7 6 6 6 6 6 6 6 7 6 6 5 5 4 4 4 4 4 4 4 3 3 3 3 3 3 3 3
3 3 3 3 3 3 3 3 3 3 3 3 4 4 4 4 4 4 5 5 5 5 5 5 5 5 6 6 6 7 10 14 10 11 8 7 7 7 7 7 7 6 6 6 6 6 5 5 5 5 5 5 5 5 5 6 6 6 6 6 7 7 7 7 7 7 8 11 10 14 10 7 6 6 6 5 5 5 5 5 5 5 5 4 4 4 4 4 4 3 3 3 3 3 3 3 3 3 3 3
3 3 3 3 3 3 3 3 3 3 3 3 3 3 4 4 4 4 4 4 4 5 5 5 5 5 5 5 5 5 6 6 6 6 6 6 6 6 6 5 5 5 5 5 5 5 5 5 5 5 5 5 5 5 5 5 5 5 5 5 5 5 6 6 6 6 6 6 6 6 6 5 5 5 5 5 5 5 5 5 4 4 4 4 4 4 4 3 3 3 3 3 3 3 3 3 3 3 3 3
2 2 3 3 3 3 3 3 3 3 3 3 3 3 3 3 3 4 4 4 4 4 4 4 4 4 5 5 5 5 5 5 5 5 5 5 5 5 5 5 5 5 5 5 5 5 5 5 5 5 5 5 5 5 5 5 5 5 5 5 5 5 5 5 5 5 5 5 5 5 5 5 5 5 5 4 4 4 4 4 4 4 4 4 3 3 3 3 3 3 3 3 3 3 3 3 3 3 3 2
2 2 2 3 3 3 3 3 3 3 3 3 3 3 3 3 3 3 3 3 3 4 4 4 4 4 4 4 4 4 4 4 4 4 4 4 4 4 4 4 4 4 4 4 4 4 4 4 4 4 4 4 4 4 4 4 4 4 4 4 4 4 4 4 4 4 4 4 4 4 4 4 4 4 4 4 4 4 4 4 3 3 3 3 3 3 3 3 3 3 3 3 3 3 3 3 3 3 2 2
2 2 2 2 3 3 3 3 3 3 3 3 3 3 3 3 3 3 3 3 3 3 3 3 4 4 4 4 4 4 4 4 4 4 4 4 4 4 4 4 4 4 4 4 4 4 4 4 4 4 4 4 4 4 4 4 4 4 4 4 4 4 4 4 4 4 4 4 4 4 4 4 4 4 4 4 4 3 3 3 3 3 3 3 3 3 3 3 3 3 3 3 3 3 3 3 3 2 2 2
2 2 2 2 2 2 3 3 3 3 3 3 3 3 3 3 3 3 3 3 3 3 3 3 3 3 3 3 4 4 4 4 4 4 4 4 4 4 4 4 4 4 4 4 4 4 4 4 4 4 4 4 4 4 4 4 4 4 4 4 4 4 4 4 4 4 4 4 4 4 4 4 4 3 3 3 3 3 3 3 3 3 3 3 3 3 3 3 3 3 3 3 3 3 3 2 2 2 2 2
2 2 2 2 2 2 2 3 3 3 3 3 3 3 3 3 3 3 3 3 3 3 3 3 3 3 3 3 3 3 3 3 3 3 4 4 4 4 4 4 4 4 4 4 4 4 4 4 4 4 4 4 4 4 4 4 4 4 4 4 4 4 4 4 4 4 4 3 3 3 3 3 3 3 3 3 3 3 3 3 3 3 3 3 3 3 3 3 3 3 3 3 3 3 2 2 2 2 2 2
2 2 2 2 2 2 2 2 2 3 3 3 3 3 3 3 3 3 3 3 3 3 3 3 3 3 3 3 3 3 3 3 3 3 3 3 3 3 3 3 3 4 4 4 4 4 4 4 4 4 4 4 4 4 4 4 4 4 4 4 3 3 3 3 3 3 3 3 3 3 3 3 3 3 3 3 3 3 3 3 3 3 3 3 3 3 3 3 3 3 3 3 2 2 2 2 2 2 2 2
2 2 2 2 2 2 2 2 2 2 3 3 3 3 3 3 3 3 3 3 3 3 3 3 3 3 3 3 3 3 3 3 3 3 3 3 3 3 3 3 3 3 3 3 3 3 3 3 3 3 3 3 3 3 3 3 3 3 3 3 3 3 3 3 3 3 3 3 3 3 3 3 3 3 3 3 3 3 3 3 3 3 3 3 3 3 3 3 3 3 3 2 2 2 2 2 2 2 2 2
2 2 2 2 2 2 2 2 2 2 2 2 3 3 3 3 3 3 3 3 3 3 3 3 3 3 3 3 3 3 3 3 3 3 3 3 3 3 3 3 3 3 3 3 3 3 3 3 3 3 3 3 3 3 3 3 3 3 3 3 3 3 3 3 3 3 3 3 3 3 3 3 3 3 3 3 3 3 3 3 3 3 3 3 3 3 3 3 3 2 2 2 2 2 2 2 2 2 2 2
2 2 2 2 2 2 2 2 2 2 2 2 2 2 3 3 3 3 3 3 3 3 3 3 3 3 3 3 3 3 3 3 3 3 3 3 3 3 3 3 3 3 3 3 3 3 3 3 3 3 3 3 3 3 3 3 3 3 3 3 3 3 3 3 3 3 3 3 3 3 3 3 3 3 3 3 3 3 3 3 3 3 3 3 3 3 3 2 2 2 2 2 2 2 2 2 2 2 2 2
2 2 2 2 2 2 2 2 2 2 2 2 2 2 2 2 3 3 3 3 3 3 3 3 3 3 3 3 3 3 3 3 3 3 3 3 3 3 3 3 3 3 3 3 3 3 3 3 3 3 3 3 3 3 3 3 3 3 3 3 3 3 3 3 3 3 3 3 3 3 3 3 3 3 3 3 3 3 3 3 3 3 3 3 3 2 2 2 2 2 2 2 2 2 2 2 2 2 2 2
2 2 2 2 2 2 2 2 2 2 2 2 2 2 2 2 2 2 2 3 3 3 3 3 3 3 3 3 3 3 3 3 3 3 3 3 3 3 3 3 3 3 3 3 3 3 3 3 3 3 3 3 3 3 3 3 3 3 3 3 3 3 3 3 3 3 3 3 3 3 3 3 3 3 3 3 3 3 3 3 3 3 2 2 2 2 2 2 2 2 2 2 2 2 2 2 2 2 2 2
2 2 2 2 2 2 2 2 2 2 2 2 2 2 2 2 2 2 2 2 2 3 3 3 3 3 3 3 3 3 3 3 3 3 3 3 3 3 3 3 3 3 3 3 3 3 3 3 3 3 3 3 3 3 3 3 3 3 3 3 3 3 3 3 3 3 3 3 3 3 3 3 3 3 3 3 3 3 3 3 2 2 2 2 2 2 2 2 2 2 2 2 2 2 2 2 2 2 2 2
2 2 2 2 2 2 2 2 2 2 2 2 2 2 2 2 2 2 2 2 2 2 2 2 3 3 3 3 3 3 3 3 3 3 3 3 3 3 3 3 3 3 3 3 3 3 3 3 3 3 3 3 3 3 3 3 3 3 3 3 3 3 3 3 3 3 3 3 3 3 3 3 3 3 3 3 3 2 2 2 2 2 2 2 2 2 2 2 2 2 2 2 2 2 2 2 2 2 2 2
2 2 2 2 2 2 2 2 2 2 2 2 2 2 2 2 2 2 2 2 2 2 2 2 2 2 2 2 3 3 3 3 3 3 3 3 3 3 3 3 3 3 3 3 3 3 3 3 3 3 3 3 3 3 3 3 3 3 3 3 3 3 3 3 3 3 3 3 3 3 3 3 3 2 2 2 2 2 2 2 2 2 2 2 2 2 2 2 2 2 2 2 2 2 2 2 2 2 2 2
2 2 2 2 2 2 2 2 2 2 2 2 2 2 2 2 2 2 2 2 2 2 2 2 2 2 2 2 2 2 2 2 3 3 3 3 3 3 3 3 3 3 3 3 3 3 3 3 3 3 3 3 3 3 3 3 3 3 3 3 3 3 3 3 3 3 3 3 3 2 2 2 2 2 2 2 2 2 2 2 2 2 2 2 2 2 2 2 2 2 2 2 2 2 2 2 2 2 2 2
2 2 2 2 2 2 2 2 2 2 2 2 2 2 2 2 2 2 2 2 2 2 2 2 2 2 2 2 2 2 2 2 2 2 2 2 2 3 3 3 3 3 3 3 3 3 3 3 3 3 3 3 3 3 3 3 3 3 3 3 3 3 3 3 2 2 2 2 2 2 2 2 2 2 2 2 2 2 2 2 2 2 2 2 2 2 2 2 2 2 2 2 2 2 2 2 2 2 2 2
